%%MatrixMarket matrix coordinate pattern general
45 53 135
1 1
2 2
3 3
4 4
5 5
6 6
7 7
8 8
9 9
10 10
11 11
12 12
13 13
14 14
15 15
16 16
17 17
18 18
19 19
20 20
21 21
22 22
23 23
24 24
25 25
26 26
27 27
28 28
29 29
30 30
31 31
32 32
33 33
34 34
35 35
36 36
37 37
38 38
39 39
40 40
41 41
42 42
43 43
44 44
45 45
1 46
2 46
3 46
6 46
7 46
9 46
18 46
20 46
22 46
23 46
26 46
31 46
34 46
37 46
42 46
44 46
45 46
4 47
5 47
8 47
10 47
12 47
13 47
15 47
19 47
21 47
24 47
25 47
27 47
28 47
29 47
30 47
33 47
35 47
36 47
38 47
39 47
41 47
43 47
11 48
14 48
16 48
17 48
32 48
40 48
1 49
18 49
20 49
31 49
44 49
2 50
3 50
6 50
7 50
22 50
23 50
26 50
34 50
37 50
4 51
8 51
12 51
15 51
28 51
35 51
38 51
42 51
5 52
10 52
13 52
19 52
21 52
24 52
25 52
27 52
29 52
30 52
33 52
36 52
41 52
9 53
11 53
14 53
16 53
17 53
32 53
39 53
40 53
43 53
45 53
