%%MatrixMarket matrix coordinate pattern general
540 718 3240
1 1
2 2
3 3
4 4
5 5
6 6
7 7
8 8
9 9
10 10
11 11
12 12
13 13
14 14
15 15
16 16
17 17
18 18
19 19
20 20
21 21
22 22
23 23
24 24
25 25
26 26
27 27
28 28
29 29
30 30
31 31
32 32
33 33
34 34
35 35
36 36
37 37
38 38
39 39
40 40
41 41
42 42
43 43
44 44
45 45
46 46
47 47
48 48
49 49
50 50
51 51
52 52
53 53
54 54
55 55
56 56
57 57
58 58
59 59
60 60
61 61
62 62
63 63
64 64
65 65
66 66
67 67
68 68
69 69
70 70
71 71
72 72
73 73
74 74
75 75
76 76
77 77
78 78
79 79
80 80
81 81
82 82
83 83
84 84
85 85
86 86
87 87
88 88
89 89
90 90
91 91
92 92
93 93
94 94
95 95
96 96
97 97
98 98
99 99
100 100
101 101
102 102
103 103
104 104
105 105
106 106
107 107
108 108
109 109
110 110
111 111
112 112
113 113
114 114
115 115
116 116
117 117
118 118
119 119
120 120
121 121
122 122
123 123
124 124
125 125
126 126
127 127
128 128
129 129
130 130
131 131
132 132
133 133
134 134
135 135
136 136
137 137
138 138
139 139
140 140
141 141
142 142
143 143
144 144
145 145
146 146
147 147
148 148
149 149
150 150
151 151
152 152
153 153
154 154
155 155
156 156
157 157
158 158
159 159
160 160
161 161
162 162
163 163
164 164
165 165
166 166
167 167
168 168
169 169
170 170
171 171
172 172
173 173
174 174
175 175
176 176
177 177
178 178
179 179
180 180
181 181
182 182
183 183
184 184
185 185
186 186
187 187
188 188
189 189
190 190
191 191
192 192
193 193
194 194
195 195
196 196
197 197
198 198
199 199
200 200
201 201
202 202
203 203
204 204
205 205
206 206
207 207
208 208
209 209
210 210
211 211
212 212
213 213
214 214
215 215
216 216
217 217
218 218
219 219
220 220
221 221
222 222
223 223
224 224
225 225
226 226
227 227
228 228
229 229
230 230
231 231
232 232
233 233
234 234
235 235
236 236
237 237
238 238
239 239
240 240
241 241
242 242
243 243
244 244
245 245
246 246
247 247
248 248
249 249
250 250
251 251
252 252
253 253
254 254
255 255
256 256
257 257
258 258
259 259
260 260
261 261
262 262
263 263
264 264
265 265
266 266
267 267
268 268
269 269
270 270
271 271
272 272
273 273
274 274
275 275
276 276
277 277
278 278
279 279
280 280
281 281
282 282
283 283
284 284
285 285
286 286
287 287
288 288
289 289
290 290
291 291
292 292
293 293
294 294
295 295
296 296
297 297
298 298
299 299
300 300
301 301
302 302
303 303
304 304
305 305
306 306
307 307
308 308
309 309
310 310
311 311
312 312
313 313
314 314
315 315
316 316
317 317
318 318
319 319
320 320
321 321
322 322
323 323
324 324
325 325
326 326
327 327
328 328
329 329
330 330
331 331
332 332
333 333
334 334
335 335
336 336
337 337
338 338
339 339
340 340
341 341
342 342
343 343
344 344
345 345
346 346
347 347
348 348
349 349
350 350
351 351
352 352
353 353
354 354
355 355
356 356
357 357
358 358
359 359
360 360
361 361
362 362
363 363
364 364
365 365
366 366
367 367
368 368
369 369
370 370
371 371
372 372
373 373
374 374
375 375
376 376
377 377
378 378
379 379
380 380
381 381
382 382
383 383
384 384
385 385
386 386
387 387
388 388
389 389
390 390
391 391
392 392
393 393
394 394
395 395
396 396
397 397
398 398
399 399
400 400
401 401
402 402
403 403
404 404
405 405
406 406
407 407
408 408
409 409
410 410
411 411
412 412
413 413
414 414
415 415
416 416
417 417
418 418
419 419
420 420
421 421
422 422
423 423
424 424
425 425
426 426
427 427
428 428
429 429
430 430
431 431
432 432
433 433
434 434
435 435
436 436
437 437
438 438
439 439
440 440
441 441
442 442
443 443
444 444
445 445
446 446
447 447
448 448
449 449
450 450
451 451
452 452
453 453
454 454
455 455
456 456
457 457
458 458
459 459
460 460
461 461
462 462
463 463
464 464
465 465
466 466
467 467
468 468
469 469
470 470
471 471
472 472
473 473
474 474
475 475
476 476
477 477
478 478
479 479
480 480
481 481
482 482
483 483
484 484
485 485
486 486
487 487
488 488
489 489
490 490
491 491
492 492
493 493
494 494
495 495
496 496
497 497
498 498
499 499
500 500
501 501
502 502
503 503
504 504
505 505
506 506
507 507
508 508
509 509
510 510
511 511
512 512
513 513
514 514
515 515
516 516
517 517
518 518
519 519
520 520
521 521
522 522
523 523
524 524
525 525
526 526
527 527
528 528
529 529
530 530
531 531
532 532
533 533
534 534
535 535
536 536
537 537
538 538
539 539
540 540
1 541
146 541
306 541
455 541
2 542
382 542
469 542
3 543
269 543
488 543
4 544
13 544
18 544
21 544
28 544
30 544
56 544
73 544
94 544
102 544
141 544
152 544
163 544
174 544
181 544
198 544
208 544
286 544
289 544
291 544
298 544
305 544
321 544
338 544
340 544
350 544
362 544
380 544
381 544
391 544
393 544
394 544
402 544
405 544
419 544
421 544
445 544
451 544
474 544
480 544
501 544
510 544
521 544
522 544
524 544
527 544
538 544
5 545
16 545
67 545
68 545
88 545
100 545
149 545
188 545
218 545
225 545
263 545
276 545
342 545
355 545
378 545
6 546
7 546
157 546
158 546
8 547
45 547
84 547
115 547
162 547
168 547
201 547
254 547
279 547
301 547
328 547
352 547
384 547
388 547
408 547
409 547
411 547
433 547
449 547
466 547
468 547
473 547
487 547
495 547
509 547
519 547
535 547
540 547
9 548
62 548
170 548
184 548
251 548
267 548
348 548
404 548
10 549
85 549
160 549
192 549
236 549
237 549
431 549
11 550
129 550
12 551
17 551
19 551
36 551
40 551
52 551
54 551
101 551
136 551
142 551
147 551
197 551
281 551
322 551
406 551
520 551
14 552
133 552
139 552
183 552
226 552
285 552
386 552
15 553
368 553
20 554
76 554
119 554
121 554
22 555
25 555
26 555
34 555
87 555
187 555
367 555
432 555
442 555
443 555
502 555
534 555
23 556
24 556
58 556
79 556
249 556
270 556
297 556
317 556
345 556
370 556
454 556
494 556
27 557
29 558
31 559
35 559
75 559
112 559
114 559
125 559
127 559
202 559
268 559
332 559
372 559
415 559
448 559
465 559
477 559
478 559
484 559
533 559
536 559
32 560
74 560
33 561
44 561
126 561
207 561
234 561
248 561
256 561
379 561
392 561
417 561
418 561
425 561
426 561
439 561
460 561
37 562
295 562
38 563
204 563
257 563
366 563
376 563
517 563
39 564
55 564
95 564
120 564
137 564
211 564
262 564
304 564
353 564
407 564
505 564
523 564
41 565
42 565
65 565
98 565
189 565
272 565
333 565
43 566
203 566
230 566
320 566
453 566
46 567
109 567
153 567
213 567
299 567
387 567
483 567
47 568
111 568
244 568
329 568
359 568
513 568
48 569
49 570
156 570
50 571
51 572
361 572
512 572
53 573
427 573
441 573
472 573
497 573
57 574
140 574
231 574
310 574
422 574
526 574
59 575
389 575
60 576
61 577
63 578
64 579
132 579
143 579
314 579
344 579
375 579
66 580
92 580
155 580
167 580
179 580
220 580
307 580
336 580
395 580
424 580
490 580
496 580
69 581
70 582
373 582
71 583
274 583
287 583
315 583
351 583
72 584
99 584
190 584
242 584
529 584
77 585
319 585
349 585
471 585
78 586
89 586
104 586
148 586
191 586
200 586
222 586
277 586
80 587
81 588
123 588
293 588
356 588
475 588
82 589
273 589
83 590
210 590
86 591
91 591
154 591
171 591
246 591
282 591
90 592
97 592
138 592
216 592
258 592
532 592
93 593
105 593
311 593
96 594
107 594
176 594
416 594
537 594
103 595
108 595
364 595
106 596
240 596
316 596
110 597
173 597
212 597
255 597
113 598
116 599
117 600
118 601
122 602
124 603
128 604
130 605
164 605
131 606
134 607
284 607
302 607
401 607
429 607
499 607
135 608
403 608
144 609
145 610
308 610
396 610
150 611
159 611
325 611
399 611
151 612
400 612
161 613
165 614
166 615
169 616
172 617
440 617
175 618
177 619
288 619
360 619
458 619
515 619
178 620
300 620
335 620
180 621
205 621
243 621
266 621
371 621
444 621
489 621
182 622
227 622
280 622
430 622
185 623
383 623
186 624
193 625
194 626
457 626
195 627
463 627
530 627
196 628
199 629
459 629
206 630
209 631
214 632
312 632
215 633
260 633
217 634
219 635
265 635
275 635
330 635
462 635
500 635
221 636
283 636
398 636
223 637
224 638
228 639
229 640
232 641
511 641
233 642
235 643
294 643
238 644
518 644
239 645
390 645
438 645
447 645
241 646
245 647
247 648
250 649
252 650
278 650
318 650
253 651
259 652
264 652
313 652
261 653
271 654
456 654
290 655
292 656
450 656
296 657
303 658
309 659
539 659
323 660
324 661
326 662
508 662
327 663
331 664
334 665
337 666
412 666
339 667
413 667
506 667
341 668
479 668
343 669
486 669
346 670
347 671
354 672
357 673
358 674
363 675
365 676
369 677
492 677
516 677
374 678
377 679
385 680
397 681
410 682
414 683
420 684
423 685
428 686
434 687
435 688
436 689
437 690
446 691
531 691
452 692
507 692
461 693
464 694
467 695
470 696
482 696
476 697
481 698
485 699
491 700
493 701
498 702
503 703
504 704
514 705
525 705
528 706
1 707
2 707
3 707
4 707
5 707
6 707
7 707
8 707
9 707
10 707
11 707
12 707
13 707
14 707
15 707
16 707
17 707
18 707
19 707
20 707
21 707
22 707
23 707
24 707
25 707
26 707
27 707
28 707
29 707
30 707
31 707
32 707
33 707
34 707
35 707
36 707
37 707
38 707
39 707
40 707
41 707
42 707
43 707
44 707
45 707
46 707
47 707
48 707
49 707
50 707
51 707
52 707
53 707
54 707
55 707
56 707
57 707
58 707
59 707
60 707
61 707
62 707
63 707
64 707
65 707
66 707
67 707
68 707
69 707
70 707
71 707
72 707
73 707
74 707
75 707
76 707
77 707
78 707
79 707
80 707
81 707
83 707
84 707
85 707
86 707
87 707
88 707
89 707
90 707
91 707
93 707
94 707
95 707
96 707
97 707
98 707
99 707
100 707
101 707
102 707
103 707
104 707
105 707
106 707
107 707
108 707
109 707
110 707
111 707
112 707
113 707
114 707
115 707
116 707
117 707
118 707
119 707
120 707
121 707
122 707
123 707
124 707
125 707
126 707
128 707
129 707
130 707
131 707
132 707
133 707
134 707
135 707
136 707
137 707
138 707
139 707
140 707
141 707
142 707
143 707
144 707
145 707
146 707
147 707
148 707
149 707
150 707
151 707
152 707
153 707
154 707
155 707
156 707
157 707
158 707
159 707
160 707
161 707
162 707
163 707
164 707
165 707
166 707
167 707
168 707
169 707
170 707
171 707
173 707
174 707
175 707
176 707
177 707
178 707
180 707
181 707
182 707
183 707
185 707
186 707
187 707
189 707
190 707
191 707
192 707
193 707
194 707
195 707
196 707
197 707
198 707
199 707
200 707
201 707
202 707
203 707
204 707
205 707
206 707
207 707
208 707
209 707
210 707
211 707
212 707
213 707
214 707
215 707
216 707
217 707
218 707
219 707
220 707
221 707
222 707
223 707
224 707
225 707
226 707
227 707
228 707
229 707
230 707
231 707
232 707
233 707
234 707
235 707
236 707
237 707
238 707
239 707
240 707
241 707
242 707
243 707
244 707
245 707
246 707
247 707
249 707
250 707
251 707
252 707
253 707
254 707
255 707
256 707
257 707
258 707
259 707
260 707
261 707
262 707
263 707
264 707
265 707
266 707
267 707
268 707
269 707
270 707
271 707
272 707
273 707
274 707
275 707
276 707
277 707
278 707
279 707
280 707
281 707
282 707
284 707
285 707
286 707
287 707
288 707
289 707
290 707
291 707
292 707
293 707
294 707
295 707
296 707
297 707
298 707
299 707
300 707
302 707
303 707
304 707
305 707
306 707
307 707
308 707
309 707
310 707
311 707
312 707
313 707
314 707
315 707
316 707
317 707
318 707
319 707
320 707
321 707
322 707
323 707
324 707
325 707
327 707
328 707
329 707
330 707
331 707
332 707
333 707
334 707
335 707
336 707
337 707
339 707
340 707
341 707
342 707
343 707
344 707
346 707
347 707
348 707
349 707
350 707
351 707
352 707
353 707
354 707
356 707
357 707
358 707
359 707
360 707
361 707
363 707
364 707
365 707
366 707
367 707
368 707
369 707
371 707
373 707
374 707
375 707
376 707
377 707
378 707
379 707
381 707
382 707
383 707
384 707
385 707
386 707
387 707
388 707
389 707
390 707
391 707
392 707
393 707
394 707
395 707
396 707
397 707
398 707
399 707
400 707
401 707
402 707
403 707
405 707
407 707
408 707
409 707
410 707
411 707
412 707
413 707
414 707
415 707
416 707
417 707
418 707
419 707
420 707
421 707
422 707
423 707
424 707
425 707
426 707
428 707
429 707
430 707
431 707
432 707
433 707
434 707
435 707
436 707
437 707
438 707
439 707
440 707
441 707
442 707
443 707
444 707
445 707
446 707
447 707
448 707
450 707
451 707
452 707
453 707
455 707
456 707
457 707
458 707
459 707
460 707
461 707
462 707
463 707
464 707
465 707
466 707
467 707
468 707
469 707
470 707
471 707
472 707
473 707
474 707
475 707
477 707
478 707
479 707
481 707
482 707
483 707
484 707
485 707
486 707
487 707
488 707
489 707
490 707
491 707
492 707
494 707
495 707
496 707
497 707
498 707
499 707
500 707
502 707
503 707
504 707
505 707
506 707
507 707
508 707
509 707
510 707
511 707
512 707
513 707
514 707
515 707
517 707
518 707
519 707
520 707
521 707
522 707
523 707
524 707
525 707
526 707
527 707
528 707
529 707
530 707
533 707
534 707
535 707
536 707
538 707
539 707
540 707
82 708
92 708
127 708
172 708
179 708
184 708
188 708
248 708
283 708
301 708
326 708
338 708
345 708
355 708
362 708
370 708
372 708
380 708
404 708
406 708
427 708
449 708
454 708
476 708
480 708
493 708
501 708
516 708
531 708
532 708
537 708
1 709
2 709
5 709
20 709
22 709
24 709
26 709
29 709
43 709
47 709
51 709
66 709
67 709
74 709
78 709
79 709
80 709
83 709
87 709
91 709
92 709
97 709
98 709
100 709
109 709
111 709
117 709
121 709
123 709
125 709
138 709
140 709
159 709
170 709
187 709
191 709
197 709
201 709
205 709
207 709
216 709
218 709
219 709
220 709
225 709
232 709
233 709
234 709
242 709
252 709
254 709
258 709
261 709
266 709
267 709
276 709
280 709
306 709
310 709
315 709
318 709
319 709
339 709
341 709
347 709
351 709
352 709
358 709
366 709
370 709
372 709
376 709
379 709
392 709
396 709
401 709
408 709
411 709
416 709
420 709
429 709
432 709
434 709
446 709
449 709
450 709
458 709
461 709
465 709
469 709
470 709
471 709
473 709
489 709
497 709
502 709
511 709
517 709
536 709
540 709
3 710
8 710
12 710
15 710
16 710
23 710
30 710
32 710
39 710
40 710
41 710
53 710
55 710
57 710
58 710
60 710
70 710
82 710
90 710
95 710
104 710
105 710
106 710
116 710
131 710
133 710
149 710
153 710
164 710
169 710
173 710
175 710
180 710
181 710
182 710
193 710
204 710
208 710
209 710
210 710
215 710
221 710
227 710
238 710
241 710
249 710
259 710
262 710
265 710
268 710
269 710
270 710
271 710
274 710
275 710
277 710
278 710
281 710
282 710
290 710
291 710
293 710
295 710
298 710
304 710
305 710
307 710
320 710
330 710
331 710
333 710
338 710
342 710
348 710
349 710
364 710
373 710
387 710
407 710
409 710
413 710
418 710
419 710
421 710
423 710
425 710
426 710
428 710
439 710
440 710
444 710
448 710
454 710
472 710
476 710
478 710
487 710
503 710
510 710
512 710
520 710
521 710
526 710
530 710
532 710
535 710
538 710
4 711
6 711
7 711
9 711
10 711
11 711
13 711
14 711
17 711
18 711
19 711
21 711
25 711
27 711
28 711
31 711
33 711
34 711
35 711
36 711
37 711
38 711
42 711
44 711
45 711
46 711
48 711
49 711
50 711
52 711
54 711
56 711
59 711
61 711
62 711
63 711
65 711
68 711
69 711
71 711
72 711
73 711
75 711
76 711
81 711
84 711
85 711
88 711
89 711
93 711
94 711
96 711
99 711
101 711
102 711
103 711
108 711
110 711
112 711
113 711
114 711
115 711
118 711
119 711
120 711
122 711
124 711
126 711
127 711
128 711
129 711
130 711
132 711
135 711
136 711
137 711
139 711
141 711
142 711
143 711
145 711
146 711
147 711
148 711
150 711
151 711
152 711
154 711
155 711
156 711
157 711
158 711
160 711
161 711
162 711
163 711
165 711
166 711
167 711
168 711
171 711
172 711
174 711
176 711
177 711
178 711
179 711
183 711
184 711
185 711
186 711
188 711
189 711
190 711
192 711
194 711
195 711
196 711
198 711
199 711
200 711
202 711
203 711
206 711
211 711
212 711
213 711
214 711
217 711
222 711
223 711
224 711
226 711
228 711
229 711
231 711
235 711
236 711
237 711
239 711
240 711
243 711
244 711
246 711
247 711
248 711
250 711
251 711
253 711
255 711
256 711
257 711
260 711
263 711
264 711
272 711
273 711
279 711
283 711
284 711
285 711
286 711
287 711
288 711
289 711
292 711
294 711
296 711
299 711
300 711
301 711
302 711
303 711
308 711
309 711
312 711
313 711
314 711
316 711
317 711
321 711
322 711
323 711
324 711
325 711
326 711
327 711
328 711
329 711
334 711
335 711
336 711
337 711
340 711
343 711
345 711
346 711
350 711
353 711
354 711
357 711
359 711
360 711
361 711
362 711
363 711
365 711
367 711
369 711
371 711
374 711
375 711
377 711
378 711
380 711
381 711
384 711
385 711
386 711
388 711
389 711
390 711
391 711
393 711
394 711
395 711
397 711
399 711
400 711
402 711
403 711
405 711
406 711
410 711
412 711
414 711
417 711
422 711
424 711
427 711
430 711
435 711
436 711
437 711
438 711
441 711
442 711
443 711
445 711
447 711
451 711
452 711
455 711
456 711
457 711
459 711
460 711
462 711
463 711
464 711
466 711
467 711
468 711
474 711
475 711
477 711
479 711
480 711
481 711
482 711
483 711
484 711
485 711
486 711
488 711
490 711
491 711
492 711
493 711
494 711
495 711
496 711
498 711
499 711
500 711
501 711
504 711
505 711
506 711
507 711
508 711
509 711
513 711
514 711
515 711
516 711
519 711
522 711
523 711
525 711
527 711
528 711
529 711
531 711
533 711
534 711
537 711
539 711
64 712
77 712
86 712
107 712
134 712
230 712
245 712
297 712
311 712
355 712
356 712
368 712
383 712
398 712
404 712
415 712
431 712
433 712
453 712
518 712
524 712
144 713
382 713
332 714
344 714
1 715
2 715
4 715
5 715
6 715
11 715
13 715
14 715
15 715
19 715
20 715
22 715
23 715
24 715
25 715
26 715
29 715
30 715
31 715
32 715
33 715
34 715
35 715
37 715
39 715
41 715
42 715
43 715
44 715
46 715
47 715
48 715
49 715
50 715
51 715
52 715
53 715
55 715
56 715
57 715
60 715
61 715
63 715
65 715
66 715
67 715
68 715
70 715
71 715
73 715
74 715
75 715
76 715
77 715
78 715
79 715
80 715
81 715
82 715
83 715
84 715
86 715
87 715
88 715
89 715
90 715
91 715
92 715
93 715
95 715
96 715
97 715
98 715
99 715
100 715
102 715
103 715
104 715
109 715
110 715
111 715
114 715
117 715
118 715
121 715
123 715
124 715
125 715
126 715
127 715
128 715
129 715
130 715
131 715
134 715
135 715
138 715
139 715
140 715
143 715
144 715
145 715
146 715
148 715
149 715
152 715
153 715
154 715
155 715
156 715
157 715
158 715
159 715
161 715
163 715
166 715
167 715
170 715
171 715
172 715
177 715
179 715
181 715
183 715
184 715
185 715
187 715
188 715
189 715
190 715
191 715
192 715
194 715
195 715
197 715
199 715
200 715
201 715
202 715
203 715
204 715
205 715
206 715
207 715
209 715
212 715
213 715
215 715
216 715
217 715
218 715
219 715
220 715
221 715
224 715
225 715
226 715
227 715
228 715
229 715
232 715
233 715
234 715
236 715
237 715
239 715
240 715
242 715
243 715
245 715
246 715
247 715
248 715
249 715
250 715
251 715
252 715
253 715
254 715
255 715
256 715
257 715
258 715
260 715
261 715
263 715
264 715
265 715
266 715
267 715
268 715
269 715
270 715
271 715
274 715
276 715
278 715
280 715
281 715
282 715
286 715
287 715
288 715
290 715
291 715
292 715
294 715
296 715
297 715
298 715
299 715
300 715
301 715
306 715
308 715
309 715
310 715
311 715
312 715
314 715
315 715
316 715
317 715
318 715
319 715
321 715
322 715
323 715
326 715
329 715
332 715
333 715
334 715
336 715
337 715
339 715
340 715
341 715
342 715
345 715
346 715
347 715
349 715
350 715
351 715
352 715
353 715
354 715
355 715
356 715
357 715
358 715
359 715
363 715
365 715
366 715
367 715
368 715
370 715
371 715
372 715
373 715
375 715
376 715
377 715
378 715
379 715
380 715
381 715
382 715
383 715
384 715
385 715
386 715
389 715
390 715
392 715
393 715
394 715
395 715
396 715
397 715
398 715
399 715
400 715
401 715
402 715
403 715
404 715
405 715
407 715
408 715
409 715
410 715
411 715
412 715
413 715
414 715
415 715
416 715
417 715
418 715
419 715
420 715
421 715
423 715
425 715
426 715
428 715
429 715
430 715
431 715
432 715
433 715
434 715
436 715
437 715
438 715
439 715
440 715
442 715
443 715
444 715
445 715
446 715
448 715
449 715
450 715
451 715
452 715
453 715
454 715
456 715
458 715
459 715
460 715
461 715
462 715
463 715
464 715
465 715
467 715
469 715
470 715
471 715
472 715
473 715
474 715
475 715
476 715
478 715
479 715
480 715
483 715
484 715
485 715
486 715
488 715
489 715
490 715
491 715
492 715
493 715
494 715
496 715
497 715
499 715
500 715
501 715
502 715
503 715
504 715
505 715
506 715
507 715
508 715
510 715
511 715
513 715
514 715
515 715
516 715
517 715
518 715
523 715
524 715
525 715
526 715
527 715
529 715
530 715
532 715
534 715
535 715
536 715
537 715
538 715
539 715
540 715
3 716
7 716
8 716
9 716
10 716
12 716
16 716
17 716
18 716
21 716
27 716
28 716
36 716
38 716
40 716
45 716
54 716
58 716
59 716
62 716
64 716
69 716
72 716
85 716
94 716
101 716
105 716
106 716
107 716
108 716
112 716
113 716
115 716
116 716
119 716
120 716
122 716
132 716
133 716
136 716
137 716
141 716
142 716
147 716
150 716
151 716
160 716
162 716
164 716
165 716
168 716
169 716
173 716
174 716
175 716
176 716
178 716
180 716
182 716
186 716
193 716
196 716
198 716
208 716
210 716
211 716
214 716
222 716
223 716
230 716
231 716
235 716
238 716
241 716
244 716
259 716
262 716
272 716
273 716
275 716
277 716
279 716
283 716
284 716
285 716
289 716
293 716
295 716
302 716
303 716
304 716
305 716
307 716
313 716
320 716
324 716
325 716
327 716
328 716
330 716
331 716
335 716
338 716
343 716
344 716
348 716
360 716
361 716
362 716
364 716
369 716
374 716
387 716
388 716
391 716
406 716
422 716
424 716
427 716
435 716
441 716
447 716
455 716
457 716
466 716
468 716
477 716
481 716
482 716
487 716
495 716
498 716
509 716
512 716
519 716
520 716
521 716
522 716
528 716
531 716
533 716
1 717
3 717
4 717
6 717
7 717
8 717
9 717
10 717
11 717
12 717
13 717
15 717
16 717
17 717
18 717
21 717
27 717
28 717
29 717
30 717
31 717
32 717
33 717
34 717
35 717
36 717
37 717
38 717
39 717
40 717
41 717
42 717
43 717
45 717
46 717
47 717
48 717
49 717
50 717
52 717
54 717
55 717
56 717
57 717
58 717
59 717
60 717
61 717
62 717
63 717
64 717
65 717
68 717
69 717
70 717
72 717
73 717
79 717
80 717
82 717
84 717
85 717
88 717
94 717
95 717
101 717
102 717
103 717
104 717
105 717
106 717
107 717
108 717
109 717
110 717
112 717
113 717
115 717
116 717
117 717
118 717
119 717
120 717
122 717
124 717
127 717
128 717
129 717
130 717
132 717
133 717
134 717
135 717
136 717
137 717
141 717
142 717
145 717
147 717
149 717
150 717
151 717
153 717
155 717
157 717
158 717
160 717
161 717
162 717
163 717
164 717
165 717
166 717
167 717
168 717
169 717
171 717
172 717
173 717
174 717
175 717
176 717
177 717
178 717
180 717
182 717
183 717
184 717
185 717
186 717
189 717
190 717
191 717
192 717
193 717
194 717
195 717
196 717
198 717
200 717
202 717
204 717
206 717
207 717
208 717
209 717
210 717
211 717
212 717
213 717
214 717
215 717
217 717
219 717
221 717
222 717
223 717
224 717
226 717
227 717
228 717
229 717
230 717
231 717
235 717
236 717
237 717
238 717
239 717
240 717
241 717
243 717
244 717
245 717
246 717
248 717
250 717
251 717
252 717
253 717
254 717
255 717
257 717
259 717
260 717
261 717
262 717
263 717
264 717
265 717
266 717
268 717
269 717
272 717
273 717
274 717
275 717
277 717
278 717
279 717
281 717
283 717
284 717
285 717
286 717
288 717
289 717
290 717
291 717
292 717
293 717
295 717
296 717
298 717
299 717
300 717
301 717
302 717
303 717
304 717
305 717
307 717
309 717
310 717
311 717
312 717
313 717
314 717
316 717
320 717
321 717
324 717
325 717
326 717
327 717
328 717
329 717
330 717
331 717
332 717
333 717
334 717
335 717
336 717
338 717
339 717
342 717
343 717
344 717
346 717
347 717
348 717
350 717
354 717
357 717
359 717
360 717
361 717
362 717
363 717
364 717
365 717
366 717
368 717
369 717
373 717
374 717
375 717
377 717
378 717
379 717
380 717
381 717
383 717
384 717
385 717
387 717
388 717
391 717
392 717
393 717
394 717
395 717
397 717
398 717
402 717
405 717
406 717
407 717
410 717
413 717
414 717
415 717
417 717
418 717
422 717
424 717
425 717
426 717
427 717
428 717
431 717
433 717
434 717
435 717
436 717
437 717
438 717
439 717
440 717
441 717
443 717
446 717
447 717
448 717
450 717
451 717
452 717
453 717
455 717
457 717
459 717
460 717
462 717
463 717
464 717
465 717
466 717
467 717
468 717
476 717
477 717
478 717
481 717
482 717
483 717
484 717
485 717
487 717
491 717
492 717
493 717
495 717
496 717
498 717
499 717
500 717
504 717
505 717
506 717
508 717
509 717
510 717
511 717
512 717
513 717
514 717
516 717
517 717
518 717
519 717
520 717
521 717
522 717
526 717
527 717
528 717
529 717
530 717
531 717
533 717
535 717
537 717
538 717
2 718
5 718
14 718
19 718
20 718
22 718
23 718
24 718
25 718
26 718
44 718
51 718
53 718
66 718
67 718
71 718
74 718
75 718
76 718
77 718
78 718
81 718
83 718
86 718
87 718
89 718
90 718
91 718
92 718
93 718
96 718
97 718
98 718
99 718
100 718
111 718
114 718
121 718
123 718
125 718
126 718
131 718
138 718
139 718
140 718
143 718
144 718
146 718
148 718
152 718
154 718
156 718
159 718
170 718
179 718
181 718
187 718
188 718
197 718
199 718
201 718
203 718
205 718
216 718
218 718
220 718
225 718
232 718
233 718
234 718
242 718
247 718
249 718
256 718
258 718
267 718
270 718
271 718
276 718
280 718
282 718
287 718
294 718
297 718
306 718
308 718
315 718
317 718
318 718
319 718
322 718
323 718
337 718
340 718
341 718
345 718
349 718
351 718
352 718
353 718
355 718
356 718
358 718
367 718
370 718
371 718
372 718
376 718
382 718
386 718
389 718
390 718
396 718
399 718
400 718
401 718
403 718
404 718
408 718
409 718
411 718
412 718
416 718
419 718
420 718
421 718
423 718
429 718
430 718
432 718
442 718
444 718
445 718
449 718
454 718
456 718
458 718
461 718
469 718
470 718
471 718
472 718
473 718
474 718
475 718
479 718
480 718
486 718
488 718
489 718
490 718
494 718
497 718
501 718
502 718
503 718
507 718
515 718
523 718
524 718
525 718
532 718
534 718
536 718
539 718
540 718
